error(train): 0.150000
error(test): 0.500000